1	97
10	81
100	4
101	9
102	6
103	6
104	7
105	9
106	10
107	5
108	9
109	4
11	82
110	1
111	7
112	8
113	4
114	10
115	6
116	9
118	4
119	5
12	79
120	6
121	11
122	12
123	9
124	5
125	6
126	4
127	5
128	4
129	6
13	87
130	6
131	5
132	1
133	4
134	7
135	4
136	5
137	2
138	5
139	3
14	107
140	7
141	7
143	1
144	3
145	5
146	6
147	3
148	1
149	2
15	82
150	5
151	4
152	2
153	5
154	4
155	6
156	1
157	5
158	2
159	6
16	76
160	4
161	2
162	1
163	4
164	5
165	4
166	2
167	5
168	4
169	1
17	73
170	3
171	3
172	6
173	2
174	2
175	4
176	4
177	5
178	3
179	2
18	72
180	2
181	5
182	3
183	3
184	4
185	4
186	4
187	4
188	3
189	6
19	62
190	4
191	2
192	3
193	1
194	4
195	2
196	3
197	5
198	2
199	1
2	94
20	52
200	4
201	2
202	2
203	1
204	4
206	3
208	1
209	1
21	63
210	1
216	1
219	1
22	53
220	1
221	1
222	1
223	1
225	1
23	59
231	1
233	2
234	1
24	56
244	1
25	58
253	1
26	49
27	38
28	37
29	41
290	1
293	1
3	99
30	38
31	44
32	33
33	44
34	37
35	42
36	44
37	44
38	29
39	26
4	92
40	30
41	21
42	29
43	21
44	20
45	23
46	24
47	23
48	34
49	24
5	99
50	21
51	19
52	14
53	26
54	22
55	19
56	22
57	15
58	10
59	17
6	98
60	18
61	17
62	24
63	11
64	23
65	20
66	13
67	15
68	15
69	17
7	111
70	15
71	17
72	10
73	11
74	8
75	15
76	9
77	11
78	17
79	8
8	99
80	3
81	13
82	15
83	13
84	9
85	11
86	5
87	9
88	8
89	9
9	96
90	8
91	10
92	11
93	6
94	10
95	10
96	9
97	5
98	10
99	11
