1	153407
10	30291
100	113
1000	1
1005	1
101	81
102	69
103	74
104	65
105	63
1059	1
106	88
107	60
1073	1
108	81
1084	1
1087	1
1089	1
109	62
1093	1
11	26499
110	56
111	56
1116	1
1117	1
112	66
1123	1
1125	1
1127	1
113	62
1136	1
114	67
1147	1
115	43
1158	1
1159	1
116	59
1168	1
117	55
1172	1
1177	1
118	36
119	43
1197	1
12	23373
120	34
121	43
122	39
123	52
1232	1
124	40
125	38
126	45
1262	1
127	49
1275	1
128	54
1289	1
129	32
1291	1
13	21128
130	27
131	48
1318	1
132	28
1327	2
133	19
134	36
1348	1
135	37
1350	1
136	28
1369	1
137	30
138	32
139	37
1393	1
14	18422
140	29
141	25
142	41
143	33
1438	1
144	36
145	35
146	23
147	18
148	30
149	18
15	16463
150	34
151	25
152	21
153	28
1539	1
154	13
155	14
156	21
1568	1
157	24
1578	1
158	18
1583	1
1589	1
159	14
16	15018
160	22
161	17
162	18
163	18
164	19
165	12
166	12
1668	1
167	14
168	12
169	13
17	13058
170	9
1700	1
171	10
172	16
173	12
174	16
1748	1
175	10
176	10
177	12
1771	1
1778	1
178	13
179	8
1793	1
18	12078
180	13
181	12
182	12
183	23
184	23
185	11
1855	1
1856	1
1857	1
1858	1
186	13
187	10
188	9
1889	1
189	12
19	12514
190	10
191	13
192	10
193	15
194	14
195	11
1956	1
196	15
197	13
198	7
1980	1
1986	1
1989	1
199	11
2	107620
20	11846
200	12
201	8
202	13
2028	1
203	13
204	13
205	11
2057	1
206	20
207	10
208	13
209	13
2097	1
21	8473
210	10
211	18
212	9
2122	1
2129	1
213	8
214	11
215	14
2154	1
2155	1
216	7
217	3
2179	1
218	11
219	11
22	6421
220	8
221	8
222	10
223	6
2236	1
224	8
225	9
226	3
2262	1
227	9
228	10
229	9
23	4988
230	3
231	6
232	4
233	8
2337	1
234	2
2340	1
235	4
236	9
237	3
238	1
239	5
24	4273
240	4
241	9
2411	1
242	4
2423	1
243	6
244	4
2440	1
245	8
246	4
247	6
248	4
249	9
25	3591
250	4
2500	1
251	6
252	7
253	3
254	5
255	7
256	1
2567	1
257	4
258	3
2584	1
2589	1
259	5
26	3119
260	5
261	8
262	7
263	2
264	7
2647	1
265	4
2655	1
266	7
2662	1
267	11
268	3
269	2
2690	1
27	2875
270	4
271	9
2712	1
272	5
273	8
2731	1
274	5
2740	1
2747	2
275	10
276	4
2768	1
277	4
2771	1
278	6
279	8
28	2510
280	9
281	4
2811	1
282	2
283	3
284	4
285	3
286	1
2860	1
2869	1
287	1
2879	1
288	5
289	4
29	2322
290	2
291	6
292	9
293	5
294	5
295	3
296	3
297	3
2970	2
298	5
299	4
3	75140
30	2203
300	5
301	7
302	3
3023	1
303	1
304	4
3041	1
305	4
3052	1
306	9
307	2
308	5
309	4
31	1830
310	3
311	1
3115	1
3117	1
3119	1
312	3
3120	1
313	1
314	1
315	3
316	3
3162	1
317	3
318	3
3183	1
32	1638
321	2
322	2
324	6
325	6
3256	1
326	4
327	4
3270	1
328	2
329	1
33	1514
330	3
3303	1
331	1
332	5
3324	1
333	2
334	1
3342	1
335	2
336	4
337	1
3372	1
338	1
339	1
34	1374
3402	1
3408	1
341	4
3416	1
342	3
343	4
344	1
345	1
346	2
347	1
348	1
349	1
35	1355
350	2
352	3
353	1
3531	1
354	2
355	1
356	2
3566	1
358	1
359	1
36	1256
361	3
362	1
363	8
364	4
365	1
367	3
368	4
369	1
37	1167
370	2
371	5
372	1
3728	1
373	3
374	3
375	1
377	7
378	2
379	3
38	1061
380	2
381	1
3829	1
383	2
384	1
385	2
386	1
387	2
3875	1
388	1
39	1090
390	3
3908	1
391	4
3914	1
392	1
393	2
394	2
3945	1
395	2
3956	1
396	1
397	1
398	1
3989	1
399	2
4	60454
40	926
400	1
401	2
4011	1
4016	1
403	1
404	2
405	1
406	3
407	1
408	1
4084	1
409	3
41	876
410	3
411	5
412	2
413	2
415	4
416	2
417	4
418	1
4184	1
419	1
42	770
420	3
4200	1
4208	1
421	2
422	2
4220	1
4222	1
423	1
424	2
425	5
426	2
428	1
43	802
430	2
431	1
432	2
434	1
435	1
437	1
438	2
439	1
44	751
441	1
444	1
445	1
446	1
4488	1
45	715
453	1
454	1
455	1
456	2
4567	1
457	1
458	3
459	3
46	691
460	1
462	2
4621	1
463	1
464	2
465	2
466	5
467	3
468	5
469	3
47	660
470	2
4741	1
476	4
478	1
479	3
48	564
480	5
481	2
4847	1
486	1
489	1
49	460
490	1
492	1
495	1
496	1
497	1
499	2
5	50060
50	459
503	1
504	3
505	3
506	2
508	1
51	511
510	1
5100	1
514	1
516	1
517	1
518	2
519	2
5192	1
52	447
520	1
525	1
526	2
5273	1
529	1
53	437
532	1
533	1
534	1
535	1
5356	1
537	2
538	1
54	456
540	1
543	1
546	1
547	1
55	369
551	1
552	1
553	1
554	1
555	1
557	1
558	1
56	343
560	1
564	1
565	1
567	1
57	367
573	1
574	1
575	1
576	1
577	3
58	354
580	1
581	1
583	2
585	4
586	1
588	1
59	308
591	1
594	1
595	1
596	1
597	1
598	1
6	42971
60	315
600	2
601	3
602	3
603	1
605	1
606	1
608	1
609	2
61	306
610	1
614	2
615	1
616	1
618	5
62	266
623	1
627	1
628	1
63	268
633	2
6332	1
635	1
639	1
64	261
641	1
642	1
645	2
65	260
653	1
658	1
66	249
660	1
662	2
664	1
667	1
67	253
671	1
675	1
677	1
679	1
68	200
688	1
69	199
690	1
692	1
696	1
699	1
7	38557
70	197
701	1
702	1
703	2
704	2
705	1
706	1
707	1
71	201
712	1
719	1
72	194
726	1
728	1
73	201
731	2
733	1
736	1
74	203
746	1
75	165
752	1
753	1
76	185
762	1
766	2
77	144
770	1
771	2
772	2
773	4
774	2
775	1
777	1
779	1
78	163
785	1
79	167
796	1
799	1
8	37411
80	141
804	2
81	109
817	1
819	1
82	126
822	1
829	1
83	99
84	113
85	128
855	1
856	1
857	1
86	145
866	1
869	1
87	117
872	1
88	105
882	1
89	83
892	1
9	34090
90	103
91	130
910	1
914	1
916	1
92	103
924	1
93	115
94	110
940	2
941	1
945	1
95	110
950	1
952	1
959	1
96	95
97	94
976	1
98	70
988	1
99	77
999	1
