1	95836
10	8431
104	1
106	1
11	6440
12	4921
13	3953
14	3171
15	2532
153	1
16	2055
17	1639
18	1347
19	1079
2	87037
20	909
21	732
22	648
23	529
24	477
25	407
26	363
27	286
28	232
29	193
3	68166
30	170
31	170
32	137
33	110
34	101
35	66
36	79
37	77
38	76
39	52
4	50803
40	57
41	53
42	50
43	30
44	42
45	27
46	23
47	13
48	24
49	13
5	36748
50	8
51	15
52	18
53	15
54	9
55	9
56	12
57	10
58	11
59	7
6	27034
60	4
61	4
62	2
63	8
64	4
65	5
66	5
67	3
68	3
69	2
7	19690
70	3
71	2
72	2
73	1
74	2
75	2
78	1
8	14524
80	2
81	1
82	1
83	1
84	1
87	1
89	1
9	10849
90	3
94	1
97	2
98	1
