0	2
1	11
10	1
100	19
1000	21
1001	114
1002	115
1003	72
1004	165
1005	102
1006	159
1007	124
1008	108
1009	104
101	13
1010	155
1011	290
1012	109
1013	98
1014	78
1015	104
1016	120
1017	126
1018	93
1019	84
102	8
1020	76
1021	89
1022	127
1023	80
1024	108
1025	122
1026	87
1027	108
1028	109
1029	222
103	131
1030	107
1031	119
1032	75
1033	133
1034	104
1035	87
1036	153
1037	105
1038	53
1039	134
104	26
1040	116
1041	105
1042	75
1043	100
1044	93
1045	78
1046	120
1047	48
1048	70
1049	99
105	23
1050	93
1051	94
1052	77
1053	85
1054	108
1055	78
1056	95
1057	92
1058	59
1059	92
106	27
1060	119
1061	94
1062	90
1063	30
1064	118
1065	84
1066	34
1067	83
1068	90
1069	121
107	64
1070	78
1071	47
1072	90
1073	40
1074	71
1075	47
1076	81
1077	67
1078	69
1079	67
108	46
1080	68
1081	58
1082	94
1083	47
1084	45
1085	45
1086	20
1087	54
1088	42
1089	58
109	24
1090	48
1091	48
1092	34
1093	40
1094	18
1095	10
1096	63
1097	22
1098	49
1099	35
11	3
110	56
1100	70
1101	54
1102	21
1103	204
1104	29
1105	48
1106	18
1107	47
1108	18
1109	15
111	77
1110	223
1111	56
1112	57
1113	54
1114	51
1115	35
1116	48
1117	41
1118	18
1119	15
112	25
1120	46
1121	26
1122	54
1123	47
1124	49
1125	54
1126	54
1127	40
1128	53
1129	47
113	46
1130	51
1131	57
1132	56
1133	29
1134	54
1135	33
1136	35
1137	33
1138	47
1139	36
114	29
1140	176
1141	65
1142	54
1143	43
1144	233
1145	220
1146	32
1147	37
1148	22
1149	25
115	13
1150	28
1151	196
1152	95
1153	95
1154	33
1155	27
1156	10
1157	9
1158	50
1159	190
116	33
1160	35
1161	16
1162	50
1163	27
1164	38
1165	39
1166	37
1167	40
1168	51
1169	39
117	11
1170	49
1171	40
1172	48
1173	17
1174	38
1175	9
1176	14
1177	22
1178	16
1179	27
118	36
1180	221
1181	39
1182	42
1183	29
1184	173
1185	13
1186	34
1187	22
1188	22
1189	33
119	58
1190	52
1191	134
1192	67
1193	22
1194	45
1195	6
1196	16
1197	16
1198	40
1199	16
12	61
120	35
1200	36
1201	55
1202	39
1203	28
1204	36
1205	53
1206	35
1207	34
1208	26
1209	24
121	15
1210	34
1211	23
1212	28
1213	35
1214	30
1215	84
1216	26
1217	16
1218	20
1219	33
122	31
1220	33
1221	97
1222	25
1223	35
1224	8
1225	19
1226	6
1227	8
1228	5
1229	7
123	13
1230	49
1231	195
1232	20
1233	23
1234	14
1235	35
1236	8
1237	157
1238	21
1239	15
124	7
1240	13
1241	17
1242	23
1243	13
1244	25
1245	29
1246	17
1247	17
1248	18
1249	114
125	12
1250	167
1251	206
1252	198
1253	185
1254	198
1255	138
1256	71
1257	178
1258	85
1259	92
126	11
1260	161
1261	45
1262	35
1263	32
1264	14
1265	31
1266	42
1267	28
1268	28
1269	40
127	7
1270	20
1271	24
1272	11
1273	44
1274	31
1275	197
1276	68
1277	99
1278	48
1279	32
128	2
1280	136
1281	155
1282	66
1283	24
1284	234
1285	166
1286	233
1287	197
1288	14
1289	146
129	7
1290	66
1291	116
1292	188
1293	68
1294	105
1295	14
1296	36
1297	24
1298	23
1299	25
13	6
130	4
1300	7
1301	62
1302	9
1303	35
1304	15
1305	16
1306	18
1307	200
1308	140
1309	135
131	42
1310	189
1311	195
1312	129
1313	204
1314	200
1315	181
1316	177
1317	182
1318	190
1319	75
132	14
1320	38
1321	107
1322	18
1323	23
1324	36
1325	35
1326	53
1327	12
1328	27
1329	27
133	20
1330	22
1331	5
1332	4
1333	189
1334	154
1335	187
1336	72
1337	192
1338	151
1339	185
134	2
1340	163
1341	115
1342	194
1343	186
1344	203
1345	184
1346	177
1347	197
1348	188
1349	176
135	7
1350	194
1351	116
1352	183
1353	163
1354	163
1355	187
1356	185
1357	135
1358	187
1359	115
136	2
1360	202
1361	168
1362	165
1363	73
1364	140
1365	170
1366	150
1367	191
1368	127
1369	192
137	6
1370	193
1371	167
1372	189
1373	209
1374	139
1375	132
1376	194
1377	196
1378	123
1379	172
138	9
1380	199
1381	156
1382	154
1383	146
1384	128
1385	179
1386	184
1387	153
1388	183
1389	160
139	2
1390	121
1391	197
1392	146
1393	182
1394	123
1395	189
1396	197
1397	85
1398	176
1399	171
14	10
140	36
1400	166
1401	196
1402	157
1403	167
1404	184
1405	175
1406	138
1407	157
1408	88
1409	152
141	4
1410	206
1411	164
1412	145
1413	159
1414	124
1415	206
1416	188
1417	186
1418	191
1419	190
142	13
1420	201
1421	122
1422	129
1423	134
1424	186
1425	159
1426	136
1427	175
1428	177
1429	144
143	11
1430	177
1431	202
1432	200
1433	134
1434	154
1435	140
1436	172
1437	143
1438	172
1439	151
144	39
1440	173
1441	175
1442	122
1443	164
1444	150
1445	153
1446	134
1447	91
1448	175
1449	123
145	19
1450	112
1451	160
1452	86
1453	30
1454	74
1455	19
1456	32
1457	8
1458	3
1459	10
146	37
1460	4
1461	8
1462	6
1463	7
1464	7
1465	8
1466	5
1467	7
1468	1
1469	64
147	33
1470	5
1471	13
1472	19
1473	36
1474	35
1475	23
1476	67
1477	21
1478	35
1479	69
148	48
1480	56
1481	44
1482	25
1483	22
1484	34
1485	3
1486	3
1487	2
1488	1
1489	1
149	38
1490	1
1491	1
1492	37
1493	244
1494	21
1495	13
1496	11
1497	42
1498	22
1499	14
15	7
150	14
1500	9
1501	19
1502	32
1503	25
1504	17
1505	18
1506	19
1507	15
1508	16
1509	16
151	25
1510	19
1511	17
1512	9
1513	14
1514	21
1515	12
1516	9
1517	10
1518	11
1519	29
152	15
1520	24
1521	47
1522	28
1523	41
1524	22
1525	56
1526	89
1527	36
1528	18
1529	47
153	10
1530	23
1531	36
1532	24
1533	14
1534	46
1535	46
1536	56
1537	14
1538	25
1539	5
154	8
1540	22
1541	32
1542	21
1543	24
1544	10
1545	25
1546	13
1547	16
1548	79
1549	46
155	5
1550	127
1551	90
1552	77
1553	150
1554	94
1555	53
1556	98
1557	110
1558	31
1559	109
156	5
1560	14
1561	210
1562	182
1563	75
1564	58
1565	86
1566	116
1567	225
1568	153
1569	106
157	6
1570	91
1571	69
1572	165
1573	92
1574	189
1575	136
1576	56
1577	68
1578	208
1579	52
158	3
1580	30
1581	130
1582	35
1583	36
1584	26
1585	21
1586	18
1587	13
1588	7
1589	12
159	16
1590	18
1591	5
1592	8
1593	16
1594	10
1595	16
1596	26
1597	9
1598	27
1599	5
16	6
160	35
1600	6
1601	8
1602	12
1603	16
1604	38
1605	14
1606	10
1607	40
1608	21
1609	23
161	22
1610	25
1611	24
1612	24
1613	17
1614	20
1615	4
1616	20
1617	4
1618	7
1619	7
162	20
1620	9
1621	11
1622	4
1623	32
1624	1
1625	13
1626	21
1627	4
1628	7
1629	6
163	5
1630	9
1631	13
1632	15
1633	5
1634	5
1635	87
1636	13
1637	43
1638	108
1639	135
164	1
1640	147
1641	151
1642	27
1643	155
1644	18
1645	11
1646	10
1647	11
1648	9
1649	8
165	17
1650	15
1651	4
1652	2
1653	9
1654	9
1655	21
1656	8
1657	10
1658	62
1659	31
166	15
1660	141
1661	122
1662	116
1663	48
1664	28
1665	17
1666	67
1667	30
1668	122
1669	19
167	12
1670	5
1671	201
1672	7
1673	15
1674	3
1675	70
1676	253
1677	94
1678	130
1679	159
168	29
1680	157
1681	164
1682	42
1683	78
1684	200
1685	63
1686	111
1687	192
1688	116
1689	88
169	26
1690	81
1691	100
1692	79
1693	141
1694	111
1695	138
1696	114
1697	62
1698	53
1699	78
17	24
170	3
1700	87
1701	125
1702	37
1703	33
1704	25
1705	32
1706	25
1707	55
1708	129
1709	29
171	9
1710	26
1711	24
1712	19
1713	9
1714	11
1715	10
1716	8
1717	6
1718	83
1719	35
172	13
1720	75
1721	49
1722	59
1723	60
1724	81
1725	64
1726	13
1727	147
1728	12
1729	81
173	20
1730	18
1731	61
1732	31
1733	34
1734	16
1735	41
1736	16
1737	25
1738	16
1739	9
174	14
1740	22
1741	26
1742	65
1743	50
1744	27
1745	26
1746	14
1747	105
1748	96
1749	65
175	13
1750	59
1751	89
1752	57
1753	42
1754	54
1755	70
1756	64
1757	94
1758	76
1759	73
176	18
1760	57
1761	63
1762	26
1763	50
1764	50
1765	76
1766	63
1767	59
1768	59
1769	53
177	17
1770	38
1771	56
1772	83
1773	49
1774	53
1775	83
1776	46
1777	69
1778	56
1779	60
178	25
1780	43
1781	29
1782	34
1783	10
1784	2
1785	10
1786	190
1787	15
1788	3
1789	104
179	16
1790	20
1791	70
1792	8
1793	47
1794	120
1795	25
1796	48
1797	42
1798	26
1799	48
18	1
180	7
1800	54
1801	3
1802	2
1803	2
1804	2
1805	3
1806	21
1807	14
1808	30
1809	45
181	14
1810	15
1811	60
1812	57
1813	21
1814	27
1815	34
1816	19
1817	36
1818	29
1819	50
182	23
1820	37
1821	26
1822	31
1823	36
1824	28
1825	41
1826	11
1827	37
1828	10
1829	1
183	14
1830	3
1831	4
1832	19
1833	216
1834	126
1835	23
1836	19
1837	71
1838	129
1839	44
184	12
1840	54
1841	31
1842	16
1843	14
1844	16
1845	14
1846	18
1847	15
1848	17
1849	17
185	16
1850	15
1851	21
1852	19
1853	13
1854	11
1855	4
1856	21
1857	11
1858	2
1859	1
186	12
1860	1
1861	2
1862	3
1863	3
1864	2
1865	1
1866	32
1867	25
1868	13
1869	13
187	15
1870	13
1871	10
1872	29
1873	25
1874	20
1875	23
1876	12
1877	23
1878	25
1879	25
188	10
1880	15
1881	14
1882	31
1883	14
1884	11
1885	36
1886	25
1887	15
1888	37
1889	16
189	15
1890	2
1891	30
1892	14
1893	5
1894	4
1895	2
1896	19
1897	20
1898	5
1899	19
19	2
190	4
1900	177
1901	10
1902	15
1903	17
1904	7
1905	3
1906	20
1907	7
1908	18
1909	6
191	3
1910	13
1911	12
1912	20
1913	45
1914	46
1915	7
1916	49
1917	1
1918	3
1919	2
192	3
1920	1
1921	10
1922	3
1923	5
1924	22
1925	23
1926	22
1927	23
1928	24
1929	22
193	13
1930	21
1931	23
1932	23
1933	23
1934	23
1935	23
1936	23
1937	21
1938	20
1939	18
194	5
1940	23
1941	22
1942	22
1943	21
1944	1
1945	1
1946	32
1947	80
1948	103
1949	119
195	7
1950	22
1951	29
1952	31
1953	33
1954	31
1955	27
1956	24
1957	53
1958	21
1959	30
196	6
1960	37
1961	31
1962	96
1963	151
1964	118
1965	123
1966	141
1967	89
1968	114
1969	105
197	7
1970	95
1971	103
1972	134
1973	113
1974	121
1975	194
1976	123
1977	114
1978	168
1979	130
198	1
1980	73
1981	219
1982	112
1983	127
1984	54
1985	138
1986	84
1987	112
1988	106
1989	121
199	16
1990	111
1991	91
1992	121
1993	204
1994	122
1995	118
1996	178
1997	127
1998	181
1999	113
2	22
20	8
200	2
2000	149
2001	126
2002	111
2003	116
2004	78
2005	73
2006	101
2007	145
2008	99
2009	98
201	23
2010	158
2011	99
2012	89
2013	184
2014	131
2015	83
2016	172
2017	102
2018	108
2019	155
202	13
2020	120
2021	59
2022	61
2023	81
2024	141
2025	119
2026	95
2027	112
2028	144
2029	116
203	4
2030	26
2031	174
2032	155
2033	186
2034	65
2035	99
2036	114
2037	141
2038	82
2039	101
204	15
2040	55
2041	134
2042	100
2043	35
2044	84
2045	45
2046	122
2047	121
2048	57
2049	61
205	14
2050	102
2051	24
2052	66
2053	37
2054	43
2055	52
2056	72
2057	40
2058	45
2059	54
206	9
2060	39
2061	33
2062	55
2063	35
2064	31
2065	34
2066	27
2067	24
2068	6
2069	35
207	27
2070	40
2071	24
2072	33
2073	1
2074	16
2075	4
2076	7
2077	12
2078	3
2079	35
208	10
2080	37
2081	30
2082	28
2083	33
2084	4
2085	12
2086	3
2087	65
2088	75
2089	76
209	16
2090	101
2091	14
2092	70
2093	63
2094	170
2095	18
2096	82
2097	67
2098	136
2099	39
21	8
210	17
2100	64
2101	95
2102	62
2103	83
2104	45
2105	8
2106	60
2107	4
2108	3
2109	8
211	11
2110	145
2111	83
2112	64
2113	144
2114	84
2115	185
2116	101
2117	26
2118	48
2119	53
212	18
2120	18
2121	62
2122	25
2123	45
2124	104
2125	92
2126	66
2127	124
2128	140
2129	54
213	14
2130	65
2131	104
2132	164
2133	148
2134	122
2135	4
2136	48
2137	20
2138	38
2139	76
214	9
2140	9
2141	4
2142	73
2143	13
2144	47
2145	21
2146	20
2147	20
2148	21
2149	70
215	3
2150	70
2151	35
2152	88
2153	124
2154	24
2155	8
2156	28
2157	99
2158	19
2159	40
216	10
2160	71
2161	29
2162	125
2163	21
2164	48
2165	41
2166	49
2167	4
2168	9
2169	12
217	40
2170	26
2171	16
2172	7
2173	8
2174	3
2175	1
2176	31
2177	23
2178	25
2179	30
218	17
2180	23
2181	22
2182	32
2183	17
2184	22
2185	9
2186	18
2187	20
2188	19
2189	9
219	10
2190	17
2191	26
2192	15
2193	20
2194	24
2195	11
2196	4
2197	4
2198	4
2199	16
22	48
220	26
2200	14
2201	9
2202	7
2203	7
2204	8
2205	8
2206	4
2207	18
2208	43
2209	10
221	8
2210	18
2211	49
2212	28
2213	22
2214	38
2215	9
2216	3
2217	12
2218	8
2219	6
222	11
2220	5
2221	4
2222	6
2223	4
2224	4
2225	75
2226	14
2227	23
2228	2
2229	3
223	6
2230	13
2231	17
2232	11
2233	1
2234	1
2235	17
2236	9
2237	5
2238	8
2239	2
224	6
2240	6
2241	6
2242	7
2243	33
2244	28
2245	33
2246	31
2247	35
2248	31
2249	28
225	6
2250	20
2251	25
2252	31
2253	16
2254	34
2255	11
2256	36
2257	26
2258	33
2259	24
226	3
2260	28
2261	32
2262	30
2263	23
2264	21
2265	18
2266	9
2267	11
2268	16
2269	11
227	2
2270	14
2271	7
2272	27
2273	36
2274	17
2275	17
2276	33
2277	29
2278	17
2279	55
228	4
2280	21
2281	38
2282	14
2283	25
2284	28
2285	64
2286	19
2287	78
2288	56
2289	37
229	15
2290	44
2291	23
2292	36
2293	37
2294	9
2295	51
2296	27
2297	13
2298	53
2299	42
23	4
230	15
2300	36
2301	53
2302	30
2303	20
2304	26
2305	70
2306	63
2307	43
2308	57
2309	37
231	13
2310	39
2311	35
2312	25
2313	31
2314	24
2315	56
2316	14
2317	26
2318	27
2319	8
232	9
2320	12
2321	17
2322	6
2323	26
2324	40
2325	46
2326	29
2327	33
2328	16
2329	4
233	8
2330	22
2331	19
2332	18
2333	38
2334	42
2335	22
2336	35
2337	34
2338	68
2339	19
234	8
2340	51
2341	44
2342	19
2343	17
2344	28
2345	19
2346	25
2347	12
2348	11
2349	29
235	8
2350	18
2351	13
2352	20
2353	29
2354	12
2355	7
2356	16
2357	17
2358	12
2359	15
236	9
2360	5
2361	10
2362	9
2363	7
2364	8
2365	12
2366	9
2367	10
2368	4
2369	4
237	8
2370	3
2371	13
2372	14
2373	8
2374	7
2375	3
2376	25
2377	26
2378	22
2379	9
238	4
2380	12
2381	13
2382	17
2383	7
2384	36
2385	15
2386	15
2387	9
2388	7
2389	11
239	9
2390	11
2391	15
2392	7
2393	19
2394	3
2395	10
2396	5
2397	14
2398	8
2399	9
24	1
240	8
2400	8
2401	17
2402	13
2403	11
2404	4
2405	6
2406	11
2407	1
2408	7
2409	12
241	8
2410	14
2411	13
2412	13
2413	5
2414	7
2415	14
2416	6
2417	4
2418	6
2419	11
242	1
2420	6
2421	13
2422	14
2423	8
2424	12
2425	8
2426	13
2427	9
2428	13
2429	7
243	5
2430	8
2431	2
2432	2
2433	1
2434	12
2435	7
2436	14
2437	7
2438	9
2439	3
244	10
2440	1
2441	2
2442	6
2443	3
2444	3
2445	3
2446	1
2447	3
2448	11
2449	8
245	10
2450	23
2451	50
2452	3
2453	3
2454	55
2455	7
2456	6
2457	42
2458	7
2459	3
246	5
2460	7
2461	8
2462	5
2463	6
2464	5
2465	6
2466	3
2467	12
2468	29
2469	26
247	7
2470	66
2471	18
2472	13
2473	58
2474	49
2475	16
2476	64
2477	51
2478	3
2479	1
248	5
2480	1
2481	1
2482	28
2483	60
2484	31
2485	58
2486	37
2487	37
2488	24
2489	107
249	7
2490	38
2491	23
2492	46
2493	48
2494	82
2495	82
2496	46
2497	44
2498	40
2499	45
25	5
250	5
2500	85
2501	20
2502	14
2503	32
2504	48
2505	48
2506	37
2507	19
2508	49
2509	7
251	5
2510	31
2511	33
2512	16
2513	40
2514	11
2515	30
2516	32
2517	24
2518	24
2519	22
252	3
2520	16
2521	31
2522	14
2523	46
2524	11
2525	10
2526	7
2527	4
2528	3
2529	41
253	1
2530	2
2531	25
2532	35
2533	54
2534	12
2535	36
2536	36
2537	9
2538	22
2539	3
254	6
2540	14
2541	6
2542	7
2543	12
2544	11
2545	6
2546	4
2547	6
2548	6
2549	5
255	6
2550	5
2551	17
2552	28
2553	33
2554	57
2555	46
2556	21
2557	4
2558	3
2559	8
256	3
2560	6
2561	12
2562	14
2563	9
2564	7
2565	23
2566	9
2567	1
2568	37
2569	12
257	162
2570	15
2571	29
2572	24
2573	27
2574	46
2575	42
2576	9
2577	21
2578	14
2579	11
258	29
2580	8
2581	21
2582	16
2583	11
2584	15
2585	6
2586	2
2587	14
2588	21
2589	26
259	121
2590	16
2591	5
2592	12
2593	56
2594	23
2595	2
2596	41
2597	19
2598	13
2599	1
26	16
260	140
2600	1
2601	43
2602	5
2603	14
2604	4
2605	12
2606	1
2607	9
2608	17
2609	15
261	45
2610	5
2611	13
2612	2
2613	20
2614	11
2615	13
2616	2
2617	4
2618	8
2619	7
262	128
2620	10
2621	12
2622	15
2623	11
2624	7
2625	10
2626	5
2627	9
2628	11
2629	8
263	113
2630	9
2631	9
2632	13
2633	9
2634	8
2635	8
2636	11
2637	2
2638	5
2639	2
264	149
2640	8
2641	9
2642	12
2643	7
2644	8
2645	6
2646	6
2647	4
2648	4
2649	1
265	34
2650	4
2651	1
2652	5
2653	4
2654	3
2655	1
2656	6
2657	5
2658	3
2659	10
266	171
2660	5
2661	11
2662	1
2663	1
2664	2
2665	77
2666	43
2667	49
2668	69
2669	33
267	163
2670	44
2671	42
2672	10
2673	14
2674	27
2675	13
2676	23
2677	13
2678	14
2679	16
268	69
2680	15
2681	51
2682	92
2683	62
2684	40
2685	85
2686	58
2687	85
2688	98
2689	65
269	131
2690	23
2691	43
2692	62
2693	28
2694	88
2695	37
2696	50
2697	30
2698	37
2699	65
27	18
270	113
2700	11
2701	9
2702	49
2703	27
2704	50
2705	30
2706	24
2707	62
2708	23
2709	30
271	64
2710	41
2711	18
2712	18
2713	38
2714	33
2715	39
2716	39
2717	23
2718	19
2719	29
272	183
2720	11
2721	36
2722	45
2723	38
2724	45
2725	24
2726	15
2727	1
2728	3
2729	22
273	64
2730	14
2731	88
2732	16
2733	22
2734	17
2735	34
2736	54
2737	8
2738	79
2739	9
274	147
2740	5
2741	12
2742	51
2743	75
2744	51
2745	61
2746	71
2747	99
2748	66
2749	112
275	126
2750	43
2751	13
2752	67
2753	68
2754	67
2755	31
2756	15
2757	30
2758	11
2759	47
276	49
2760	21
2761	11
2762	45
2763	73
2764	62
2765	31
2766	20
2767	30
2768	36
2769	16
277	19
2770	18
2771	12
2772	4
2773	13
2774	6
2775	16
2776	6
2777	11
2778	7
2779	75
278	37
2780	13
2781	15
2782	94
2783	101
2784	23
2785	50
2786	71
2787	39
2788	24
2789	12
279	111
2790	13
2791	38
2792	51
2793	19
2794	25
2795	48
2796	7
2797	8
2798	27
2799	7
28	17
280	91
2800	3
2801	2
2802	3
2803	2
2804	2
2805	2
2806	2
2807	2
2808	2
2809	1
281	99
2810	4
2811	26
2812	19
2813	15
2814	8
2815	5
2816	4
2817	3
2818	23
2819	18
282	158
2820	37
2821	4
2822	7
2823	38
2824	5
2825	19
2826	22
2827	60
2828	44
2829	1
283	47
2830	4
2831	39
2832	15
2833	46
2834	26
2835	14
2836	27
2837	29
2838	20
2839	18
284	121
2840	26
2841	33
2842	18
2843	23
2844	14
2845	20
2846	1
2847	30
2848	17
2849	5
285	137
2850	42
2851	32
2852	17
2853	2
2854	14
2855	14
2856	11
2857	13
2858	14
2859	14
286	71
2860	11
2861	14
2862	11
2863	13
2864	15
2865	14
2866	13
2867	11
2868	32
2869	7
287	107
2870	6
2871	6
2872	6
2873	6
2874	6
2875	2
2876	2
2877	2
2878	2
2879	22
288	101
2880	2
2881	24
2882	1
2883	15
2884	24
2885	61
2886	13
2887	47
2888	70
2889	41
289	37
2890	16
2891	6
2892	16
2893	29
2894	21
2895	8
2896	21
2897	10
2898	90
2899	28
29	9
290	138
2900	40
2901	20
2902	46
2903	47
2904	48
2905	19
2906	14
2907	26
2908	37
2909	40
291	38
2910	15
2911	8
2912	14
2913	21
2914	15
2915	13
2916	27
2917	26
2918	19
2919	25
292	45
2920	6
2921	81
2922	36
2923	51
2924	100
2925	21
2926	30
2927	20
2928	44
2929	10
293	69
2930	30
2931	9
2932	18
2933	30
2934	29
2935	30
2936	17
2937	2
2938	13
2939	5
294	187
2940	5
2941	5
2942	5
2943	98
2944	115
2945	77
2946	75
2947	81
2948	80
2949	70
295	99
2950	114
2951	71
2952	87
2953	106
2954	62
2955	54
2956	72
2957	61
2958	57
2959	85
296	137
2960	115
2961	52
2962	118
2963	68
2964	64
2965	59
2966	65
2967	18
2968	74
2969	34
297	87
2970	18
2971	30
2972	61
2973	27
2974	39
2975	19
2976	27
2977	39
2978	31
2979	4
298	65
2980	15
2981	67
2982	94
2983	30
2984	12
2985	21
2986	82
2987	43
2988	5
2989	61
299	78
2990	40
2991	82
2992	73
2993	136
2994	70
2995	92
2996	77
2997	97
2998	14
2999	82
3	17
30	19
300	119
3000	87
3001	82
3002	90
3003	86
3004	73
3005	69
3006	73
3007	86
3008	78
3009	82
301	43
3010	56
3011	51
3012	49
3013	52
3014	26
3015	77
3016	37
3017	39
3018	10
3019	49
302	93
3020	83
3021	89
3022	61
3023	102
3024	103
3025	83
3026	84
3027	60
3028	69
3029	75
303	133
3030	68
3031	33
3032	52
3033	70
3034	106
3035	62
3036	60
3037	59
3038	71
3039	28
304	133
3040	71
3041	59
3042	59
3043	24
3044	4
3045	5
3046	23
3047	14
3048	12
3049	18
305	124
3050	33
3051	18
3052	14
3053	16
3054	14
3055	23
3056	15
3057	20
3058	11
3059	14
306	94
3060	18
3061	53
3062	61
3063	28
3064	5
3065	16
3066	32
3067	32
3068	25
3069	48
307	112
3070	60
3071	50
3072	43
3073	65
3074	36
3075	26
3076	37
3077	23
3078	23
3079	159
308	48
3080	9
3081	109
3082	125
3083	95
3084	140
3085	180
3086	157
3087	167
3088	93
3089	172
309	108
3090	161
3091	171
3092	154
3093	155
3094	179
3095	181
3096	178
3097	169
3098	116
3099	150
31	36
310	48
3100	168
3101	125
3102	92
3103	180
3104	139
3105	92
3106	130
3107	102
3108	145
3109	35
311	174
3110	6
3111	14
3112	30
3113	7
3114	17
3115	10
3116	12
3117	105
3118	44
3119	164
312	145
3120	24
3121	48
3122	140
3123	160
3124	167
3125	146
3126	112
3127	152
3128	150
3129	105
313	98
3130	172
3131	102
3132	111
3133	91
3134	27
3135	50
3136	15
3137	13
3138	85
3139	19
314	55
3140	36
3141	31
3142	23
3143	34
3144	33
3145	24
3146	21
3147	16
3148	17
3149	17
315	123
3150	18
3151	24
3152	13
3153	26
3154	14
3155	15
3156	29
3157	35
3158	13
3159	8
316	63
3160	5
3161	19
3162	14
3163	17
3164	28
3165	19
3166	10
3167	10
3168	13
3169	16
317	91
3170	9
3171	13
3172	8
3173	10
3174	11
3175	15
3176	18
3177	3
3178	2
3179	60
318	131
3180	46
3181	40
3182	38
3183	2
3184	4
3185	9
3186	12
3187	50
3188	43
3189	26
319	76
3190	11
3191	2
3192	15
3193	20
3194	21
3195	16
3196	14
3197	5
3198	9
3199	9
32	71
320	96
3200	13
3201	24
3202	22
3203	14
3204	7
3205	20
3206	23
3207	25
3208	26
3209	23
321	115
3210	10
3211	33
3212	12
3213	42
3214	21
3215	19
3216	10
3217	10
3218	30
3219	8
322	128
3220	15
3221	18
3222	14
3223	37
3224	38
3225	7
3226	17
3227	16
3228	22
3229	29
323	41
3230	13
3231	36
3232	20
3233	22
3234	15
3235	6
3236	11
3237	6
3238	7
3239	12
324	44
3240	19
3241	11
3242	3
3243	14
3244	6
3245	11
3246	5
3247	4
3248	12
3249	7
325	53
3250	10
3251	6
3252	30
3253	8
3254	20
3255	21
3256	2
3257	10
3258	5
3259	16
326	69
3260	10
3261	14
3262	9
3263	10
3264	8
3265	16
3266	3
3267	3
3268	8
3269	4
327	64
3270	4
3271	16
3272	17
3273	14
3274	14
3275	15
3276	15
3277	12
3278	17
3279	17
328	153
3280	9
3281	7
3282	9
3283	11
3284	6
3285	21
3286	5
3287	12
3288	7
3289	9
329	38
3290	5
3291	4
3292	6
3293	6
3294	5
3295	4
3296	3
3297	2
3298	6
3299	9
33	21
330	120
3300	4
3301	3
3302	7
3303	2
3304	6
3305	8
3306	8
3307	7
3308	6
3309	4
331	78
3310	2
3311	3
3312	4
3313	3
3314	2
3315	1
3316	1
3317	2
3318	2
3319	20
332	38
3320	29
3321	31
3322	15
3323	34
3324	23
3325	19
3326	11
3327	23
3328	26
3329	16
333	93
3330	12
3331	17
3332	14
3333	7
3334	9
3335	121
3336	6
3337	1
3338	4
3339	10
334	122
3340	11
3341	6
3342	13
3343	10
3344	15
3345	11
3346	3
3347	11
3348	7
3349	5
335	42
3350	98
3351	74
3352	9
3353	8
3354	96
3355	11
3356	25
3357	48
3358	20
3359	14
336	121
3360	87
3361	75
3362	112
3363	16
3364	107
3365	5
3366	12
3367	17
3368	13
3369	24
337	108
3370	27
3371	82
3372	101
3373	21
3374	7
3375	18
3376	20
3377	45
3378	28
3379	72
338	62
3380	12
3381	83
3382	104
3383	96
3384	84
3385	65
3386	103
3387	52
3388	55
3389	95
339	97
3390	77
3391	35
3392	27
3393	61
3394	51
3395	26
3396	41
3397	53
3398	62
3399	30
34	19
340	89
3400	32
3401	34
3402	14
3403	16
3404	22
3405	37
3406	19
3407	32
3408	11
3409	10
341	139
3410	44
3411	21
3412	68
3413	72
3414	78
3415	74
3416	47
3417	62
3418	70
3419	48
342	59
3420	52
3421	60
3422	88
3423	55
3424	51
3425	75
3426	56
3427	91
3428	76
3429	82
343	49
3430	81
3431	28
3432	49
3433	48
3434	59
3435	74
3436	42
3437	95
3438	49
3439	64
344	53
3440	91
3441	92
3442	90
3443	62
3444	49
3445	26
3446	68
3447	88
3448	64
3449	48
345	170
3450	85
3451	33
3452	32
3453	56
3454	59
3455	22
3456	106
3457	82
3458	60
3459	46
346	74
3460	105
3461	39
3462	40
3463	57
3464	7
3465	3
3466	21
3467	91
3468	75
3469	58
347	141
3470	130
3471	62
3472	99
3473	53
3474	52
3475	79
3476	69
3477	26
3478	50
3479	63
348	82
3480	71
3481	63
3482	66
3483	79
3484	34
3485	68
3486	81
3487	27
3488	27
3489	32
349	129
3490	39
3491	66
3492	35
3493	21
3494	35
3495	13
3496	7
3497	33
3498	44
3499	53
35	30
350	35
3500	53
3501	18
3502	22
3503	4
3504	8
3505	6
3506	43
3507	74
3508	24
3509	10
351	54
3510	35
3511	12
3512	50
3513	12
3514	64
3515	2
3516	60
3517	53
3518	65
3519	52
352	125
3520	21
3521	32
3522	34
3523	10
3524	17
3525	36
3526	18
3527	20
3528	26
3529	34
353	98
3530	31
3531	22
3532	10
3533	10
3534	17
3535	5
3536	13
3537	9
3538	3
3539	11
354	128
3540	5
3541	4
3542	6
3543	17
3544	7
3545	14
3546	9
3547	9
3548	2
3549	9
355	52
3550	8
3551	8
3552	1
3553	4
3554	2
3555	9
3556	7
3557	7
3558	18
3559	15
356	55
3560	15
3561	16
3562	19
3563	14
3564	18
3565	16
3566	12
3567	10
3568	15
3569	5
357	160
3570	8
3571	16
3572	15
3573	17
3574	18
3575	15
3576	1
3577	1
3578	6
3579	2
358	55
3580	2
3581	2
3582	7
3583	6
3584	7
3585	2
3586	2
3587	7
3588	7
3589	8
359	293
3590	6
3591	6
3592	7
3593	7
3594	7
3595	5
3596	10
3597	7
3598	10
3599	8
36	7
360	146
3600	8
3601	8
3602	9
3603	5
3604	4
3605	5
3606	5
3607	4
3608	5
3609	6
361	159
3610	4
3611	10
3612	1
3613	2
3614	1
3615	1
3616	1
3617	11
3618	43
3619	25
362	141
3620	48
3621	48
3622	47
3623	28
3624	31
3625	31
3626	20
3627	7
3628	41
3629	13
363	111
3630	32
3631	17
3632	35
3633	23
3634	27
3635	9
3636	18
3637	32
3638	3
3639	18
364	122
3640	8
3641	11
3642	2
3643	6
3644	10
3645	5
3646	7
3647	7
3648	4
3649	5
365	95
3650	3
3651	11
3652	5
3653	3
3654	19
3655	9
3656	9
3657	5
3658	10
3659	19
366	122
3660	15
3661	11
3662	16
3663	13
3664	14
3665	8
3666	12
3667	6
3668	4
3669	5
367	6
3670	1
3671	6
3672	17
3673	12
3674	18
3675	18
3676	16
3677	13
3678	13
3679	14
368	7
3680	14
3681	13
3682	10
3683	12
3684	11
3685	14
3686	7
3687	12
3688	10
3689	14
369	4
3690	8
3691	10
3692	8
3693	8
3694	2
3695	3
3696	5
3697	7
3698	7
3699	6
37	42
370	7
3700	5
3701	7
3702	44
3703	25
3704	13
3705	5
3706	19
3707	2
3708	15
3709	32
371	4
3710	14
3711	15
3712	18
3713	3
3714	25
3715	26
3716	19
3717	8
3718	24
3719	36
372	4
3720	24
3721	24
3722	23
3723	12
3724	12
3725	25
3726	32
3727	13
3728	29
3729	15
373	3
3730	20
3731	4
3732	5
3733	27
3734	14
3735	13
3736	17
3737	37
3738	25
3739	25
374	7
3740	18
3741	17
3742	14
3743	8
3744	12
3745	11
3746	10
3747	12
3748	9
3749	4
375	4
3750	18
3751	19
3752	9
3753	7
3754	21
3755	7
3756	15
3757	21
3758	5
3759	16
376	2
3760	9
3761	15
3762	14
3763	14
3764	16
3765	18
3766	16
3767	15
3768	21
3769	16
377	16
3770	17
3771	16
3772	7
3773	9
3774	3
3775	7
3776	6
3777	5
3778	1
3779	1
378	13
3780	2
3781	15
3782	16
3783	15
3784	16
3785	12
3786	14
3787	14
3788	9
3789	16
379	2
3790	9
3791	17
3792	5
3793	29
3794	25
3795	22
3796	25
3797	34
3798	40
3799	31
38	26
380	6
3800	29
3801	31
3802	24
3803	7
3804	3
3805	13
3806	3
3807	21
3808	27
3809	21
381	22
3810	30
3811	46
3812	21
3813	17
3814	13
3815	12
3816	21
3817	23
3818	36
3819	34
382	18
3820	2
3821	24
3822	34
3823	26
3824	33
3825	31
3826	43
3827	20
3828	20
3829	21
383	5
3830	34
3831	22
3832	37
3833	25
3834	15
3835	18
3836	18
3837	14
3838	25
3839	21
384	15
3840	15
3841	17
3842	16
3843	20
3844	17
3845	10
3846	23
3847	21
3848	9
3849	5
385	12
3850	13
3851	28
3852	19
3853	12
3854	10
3855	19
3856	18
3857	22
3858	34
3859	20
386	12
3860	18
3861	14
3862	16
3863	9
3864	6
3865	7
3866	14
3867	7
3868	12
3869	8
387	10
3870	28
3871	14
3872	20
3873	7
3874	9
3875	18
3876	5
3877	5
3878	10
3879	9
388	8
3880	1
3881	3
3882	17
3883	14
3884	25
3885	9
3886	11
3887	8
3888	3
3889	8
389	3
3890	2
3891	4
3892	5
3893	4
3894	4
3895	6
3896	2
3897	4
3898	3
3899	3
39	55
390	5
3900	13
3901	14
3902	14
3903	6
3904	3
3905	3
3906	11
3907	3
3908	3
3909	1
391	1
3910	4
3911	1
3912	1
3913	1
3914	5
3915	1
3916	1
3917	1
3918	1
3919	7
392	12
3920	6
3921	7
3922	9
3923	10
3924	10
3925	13
3926	18
3927	8
3928	13
3929	4
393	5
3930	11
3931	8
3932	1
3933	3
3934	10
3935	2
3936	3
3937	3
3938	8
3939	6
394	8
3940	8
3941	5
3942	8
3943	2
3944	5
3945	1
3946	2
3947	1
3948	1
3949	3
395	6
3950	3
3951	3
3952	3
3953	1
3954	1
3955	1
3956	1
3957	1
3958	1
396	7
397	8
398	3
399	2
4	25
40	20
400	1
401	14
402	2
403	1
404	3
405	2
406	12
407	11
408	10
409	9
41	6
410	8
411	6
412	9
413	6
414	5
415	6
416	5
417	4
418	2
419	10
42	21
420	9
421	9
422	8
423	3
424	3
425	2
426	2
427	1
428	2
429	3
43	19
430	1
431	2
432	2
433	2
434	2
435	11
436	1
437	1
438	4
439	55
44	15
440	114
441	53
442	133
443	122
444	231
445	96
446	85
447	9
448	28
449	64
45	15
450	61
451	47
452	89
453	36
454	77
455	64
456	97
457	73
458	86
459	83
46	18
460	99
461	103
462	67
463	33
464	60
465	57
466	85
467	48
468	20
469	71
47	17
470	81
471	33
472	89
473	60
474	58
475	71
476	62
477	94
478	53
479	78
48	19
480	72
481	7
482	101
483	106
484	65
485	96
486	40
487	71
488	83
489	61
49	22
490	68
491	62
492	66
493	25
494	6
495	15
496	82
497	56
498	60
499	68
5	5
50	23
500	54
501	50
502	36
503	49
504	37
505	33
506	66
507	63
508	90
509	76
51	23
510	41
511	72
512	33
513	49
514	61
515	51
516	37
517	54
518	65
519	36
52	21
520	59
521	33
522	33
523	37
524	41
525	42
526	64
527	56
528	10
529	42
53	12
530	35
531	25
532	46
533	42
534	34
535	31
536	81
537	42
538	45
539	44
54	16
540	33
541	30
542	33
543	35
544	32
545	38
546	34
547	24
548	45
549	31
55	56
550	18
551	17
552	4
553	29
554	11
555	37
556	28
557	29
558	6
559	34
56	67
560	2
561	39
562	26
563	34
564	5
565	3
566	4
567	84
568	11
569	114
57	47
570	1
571	1
572	1
573	3
574	1
575	1
576	1
577	1
578	1
579	64
58	72
580	53
581	76
582	60
583	58
584	62
585	18
586	22
587	12
588	36
589	9
59	17
590	13
591	25
592	19
593	29
594	11
595	24
596	27
597	23
598	59
599	28
6	14
60	27
600	29
601	34
602	33
603	50
604	21
605	2
606	35
607	1
608	1
609	2
61	27
610	1
611	2
612	52
613	69
614	30
615	49
616	50
617	48
618	71
619	36
62	24
620	40
621	41
622	46
623	31
624	21
625	35
626	77
627	38
628	43
629	204
63	43
630	24
631	31
632	39
633	63
634	106
635	29
636	50
637	88
638	15
639	51
64	25
640	101
641	73
642	32
643	59
644	41
645	34
646	55
647	44
648	39
649	35
65	8
650	26
651	65
652	33
653	36
654	23
655	34
656	37
657	2
658	32
659	23
66	1
660	21
661	22
662	14
663	11
664	25
665	8
666	24
667	65
668	28
669	44
67	68
670	19
671	40
672	12
673	39
674	27
675	15
676	17
677	25
678	55
679	38
68	16
680	3
681	24
682	26
683	42
684	15
685	22
686	29
687	17
688	24
689	46
69	19
690	45
691	39
692	37
693	17
694	62
695	30
696	32
697	25
698	21
699	25
7	3
70	15
700	26
701	31
702	26
703	38
704	25
705	23
706	37
707	36
708	22
709	14
71	15
710	31
711	31
712	10
713	11
714	16
715	10
716	12
717	28
718	12
719	42
72	6
720	9
721	15
722	5
723	27
724	36
725	3
726	6
727	30
728	4
729	35
73	56
730	3
731	78
732	114
733	62
734	6
735	14
736	106
737	65
738	5
739	9
74	42
740	7
741	14
742	9
743	24
744	19
745	19
746	19
747	22
748	14
749	55
75	75
750	36
751	181
752	92
753	37
754	37
755	34
756	31
757	11
758	7
759	7
76	62
760	5
761	14
762	24
763	17
764	5
765	19
766	105
767	24
768	5
769	17
77	37
770	18
771	12
772	13
773	57
774	8
775	9
776	40
777	67
778	41
779	18
78	38
780	69
781	45
782	18
783	8
784	52
785	20
786	12
787	4
788	6
789	8
79	54
790	17
791	31
792	6
793	14
794	10
795	9
796	42
797	8
798	3
799	7
8	4
80	44
800	22
801	6
802	69
803	47
804	38
805	36
806	17
807	6
808	7
809	31
81	64
810	15
811	25
812	46
813	51
814	57
815	55
816	22
817	39
818	29
819	15
82	43
820	31
821	11
822	7
823	22
824	8
825	8
826	38
827	20
828	53
829	44
83	9
830	78
831	56
832	64
833	67
834	40
835	38
836	71
837	50
838	42
839	40
84	13
840	33
841	64
842	79
843	10
844	65
845	56
846	60
847	37
848	29
849	32
85	24
850	96
851	41
852	106
853	48
854	79
855	47
856	6
857	78
858	49
859	39
86	64
860	23
861	22
862	120
863	96
864	123
865	40
866	67
867	59
868	43
869	47
87	30
870	66
871	42
872	57
873	55
874	39
875	35
876	28
877	81
878	27
879	72
88	20
880	82
881	62
882	78
883	36
884	29
885	53
886	30
887	129
888	125
889	67
89	11
890	37
891	28
892	24
893	51
894	4
895	37
896	25
897	54
898	4
899	55
9	3
90	17
900	12
901	66
902	41
903	50
904	108
905	68
906	98
907	57
908	32
909	10
91	12
910	11
911	6
912	13
913	13
914	10
915	4
916	17
917	91
918	29
919	7
92	20
920	25
921	19
922	53
923	36
924	33
925	33
926	41
927	7
928	17
929	61
93	12
930	14
931	30
932	16
933	66
934	4
935	39
936	97
937	42
938	103
939	31
94	10
940	34
941	29
942	48
943	24
944	19
945	18
946	21
947	13
948	40
949	81
95	38
950	28
951	168
952	47
953	121
954	52
955	135
956	87
957	123
958	74
959	79
96	45
960	37
961	181
962	106
963	189
964	65
965	77
966	51
967	131
968	176
969	70
97	13
970	98
971	123
972	165
973	130
974	16
975	83
976	46
977	41
978	21
979	14
98	12
980	6
981	35
982	28
983	45
984	34
985	18
986	69
987	26
988	17
989	56
99	24
990	33
991	62
992	69
993	61
994	34
995	69
996	44
997	36
998	146
999	12
